N = [11,21,31,41,51,61,71,81]
EOCs = [3.963277049772043,3.277271739147820,2.994806172449572,3.070875497504662,3.098864564144382,3.003313332185092,3.006486999650555]
errors = [0.085128444875935,0.006562677200827,0.001831282893755,7.927195990550806e-04,4.055483231825696e-04,2.328498478778585e-04,1.475951118057178e-04,9.931634638030151e-05]