t=0.01
N=[11 21 31 41 51]
degree=2
elemNum=19
delta=h^2
crvEOCs=[1.430587048116404,0.449028840514479,0.242781491387416,0.826398792440534]
crvErrors=[0.001914432257140,7.590896900242505e-04,6.372990594278871e-04,5.954759469513071e-04,4.972020651685671e-04]
fieldEOCs=[0.338661895840162,0.235138739483106,0.181311882323825,0.805171176143642]
fieldErrors=[5.438931999713903e-04,4.369264710294418e-04,3.986909949470485e-04,3.789842359648299e-04,3.179083488281664e-04]