t=0.1
N=[11,21,31,41,51]
errors=[0.003282211055800,7.376910143604976e-04,3.236038678148256e-04,1.819179108806246e-04,1.166336670260781e-04]
EOCs=[2.308513468689440,2.115736749394707,2.060070730535501,2.036702458403046]

computation time= ~15 mins (10 of which were for the last 51 element step as that took 260 time steps to get to our time)