elemNum=19
t=0.01
N=[11 21 31 41 51]
delta=h^2
crvErrors=[0.259477397033266,0.258322054466150,0.258200263835553,0.258158440723077,0.258060166841294]
crvEOCs=[0.006901221387011,0.001210839600879,5.794036017185625e-04,0.001744508574583]
fieldErrors=[5.438931999713903e-04,4.369264710294418e-04,3.986909949470485e-04,3.789842359648299e-04,3.179083488281664e-04]
fieldEOCs=[0.338661895840162,0.235138739483106,0.181311882323825,0.805171176143642]