delta=1
N=[11,21,31,41,51,61]
EOCs=[3.531530206558124,3.235612345825566,3.162326930802543,2.961595377880366,3.027926301264494]
errors=[0.066100946428569,0.006736898794820,0.001910648459395,7.892311405277574e-04,4.135094961046359e-04,2.404556416155668e-04]