N = [11,21,31,41,51,61]
EOCs = [3.478089843474684,3.176596897269779,3.136784983142598,2.998027127536739,2.993310205120682]
Errors = [0.061665151015822,0.006505783712240,0.001888001785541,7.854656252439529e-04,4.082772930997791e-04,2.388891615361377e-04]